17 0 1000000
 15  89 166  60  84  17 113  86 140  38  14  43  15  57 144 137     11.707
 14  59 151  92  37  98 100 193  91  85  93 104  99  96   6      57.16
 14  82  46 124 168  47  36 143  49  64  11 175 107  19 123     130.75
 14 101 122  20 188  66  71  65 136  35 135 164  34  78  50     122.73
 14 195 134 163  24  29 121 169 129  79 185 158   3  77 184      83.23
 13   2 178 115 145  41  22 133  75  74 171  73  21 105      70.37
 13  54 130 165  55  25 170  67  23 186  56 197  72  40      99.52
 13 189  10 108  90 126  63 181  32 131 160 128  30  70      97.10
 13   5 173  61  16 141 191  44 119 192 142  42 172  87      83.15
 12 146  88 148 159  62 182  48   7 194 106 153  52      73.44
 11  26 149 179 155   4 139 187  39 110 198 180      71.21
 11  76 196 116  68  80 150 177 109  12 138 154      49.68
 11  27 167 127 190  31 162  69 132 176 111  28      47.25
 10 147 118  83 199 125  45 174   8 114  18      66.14
 10   1  51 103 161   9 120  81  33 157 102      77.09
 10 112 183  94  95  97 117  13  58 152  53      41.08
  1 156       4.48

18 10 230  1395.853468                                                                                       Number of vehicles tours, service time for each customers, tour time limit
 12   21  197   56  186   39  187  139    4  155  110  198  180   74.542     194                             number of customers, 1. customer, 2. customer, ...
 13   40   73  171   74  133   22   41  145  115  178    2  152   58   65.428   200
 13  138  154  109  177  150   80  163   24  134   54  179  149   26   68.147     196
 13  167  127   88  148  159   62  182    7  194  106  153   52  146   61.353     199
 10  195  130  165   55   25  170   67   23   75   72   97.855     175
  3  105   53  156   17.469      54
 11  100  192  119   14   38  140   44  191   91  193   59   89.707     160
 14  112    6   96  104   99   93   85   98   37  151   92   97  117   13  51.640     200
 11   89   84   17  113   86  141   16   61  173    5  147   85.466     198
 12  137  144   57   15   43  142   42  172   87   95   94  183   79.982     177
 10  123   19   49  143   36   47  168  124   48   82   99.439     181
 12  166  118   60   83  199  125   45   46  174    8  114   18   79.649     193
 13  111   50  102  157   33  185  129  158    3   77  116  184   28   58.667     197
 11   12   68  121   29  169   34  164   78   79  196   76   85.359     198
 11  176   51  103   66  188   20  128  122    1  132   27   89.554     162
  9   31  189  126   63  181   64   11  175  107  109.612     139
 12  190   10  108   90   32  131  160   30   70  101  162   69   77.636     190
  9   81  120  135   35  136   65   71  161    9  104.345     173

