5 0 10000000
11 12  37  44  15  45  33  39  10  49   5  46
 9 18  13  41  40  19  42  17   4  47
11 32   1  22  20  35  36   3  28  31  26   8
 9  6  14  25  24  43   7  23  48  27
10 38   9  30  34  50  16  21  29   2  11

 6 10 200                                                           Number of vehicles tours, service time for each customers, tour time limit
 8  14  25  13  41  40  19  42  17                                  number of customers, 1. customer, 2. customer, ...
 9  27  48   8  26   7  43  24  23   6
10  38   9  30  34  50  21  29  16  11  32
 9   2  20  35  36   3  28  31  22   1
10   5  49  10  39  33  45  15  44  37  12
 4  46  47   4  18



